440
R 2607 3705 933 198
B 2093 1782 1287 1710
B 1016 3705 1008 327
R 4043 2415 17 1512
B 3917 3818 34 48
B 716 2191 1007 1874
B 264 2947 200 706
B 659 3455 792 312
R 2427 1862 707 259
B 1274 3146 537 378
B 4005 1996 79 698
B 3287 311 353 247
R 206 237 3828 3517
B 2747 3066 1331 803
R 2891 2060 1020 1191
R 3241 3581 766 449
R 2488 1627 848 2266
B 1061 3809 2593 13
R 365 1777 1058 1321
B 3 1844 2428 2107
B 1821 2747 666 606
R 1956 1404 1287 791
B 103 124 3348 1715
R 556 168 1885 1468
B 3379 2826 80 834
B 90 3770 3507 229
R 662 1867 2066 1273
R 2919 3596 139 437
B 3511 701 287 2168
B 763 3503 1982 102
R 3516 2297 528 307
R 2949 3701 1034 97
B 1235 375 2711 571
B 2616 3023 687 239
B 7 672 3746 2356
B 667 1375 2773 596
R 485 2876 3254 907
B 3836 1646 245 777
R 2092 3065 1550 493
B 3748 3112 296 436
R 1475 3724 257 161
R 3836 604 117 716
R 3728 3488 84 393
R 2038 2713 1186 104
R 1428 3890 1383 115
R 1908 4075 1918 1
B 257 1404 568 377
B 3901 3045 56 507
B 1143 2609 1697 662
B 2453 847 1402 1771
B 2550 2577 40 1069
R 2678 3551 188 170
B 1967 3900 1719 109
R 256 3990 46 25
R 1992 1104 1680 1047
B 169 1921 2746 1255
R 245 3957 3029 20
B 1871 3493 1103 127
R 855 10 2077 2624
B 1040 2109 410 1913
B 1528 3555 202 72
B 3657 2993 421 891
B 976 103 1587 1695
R 3257 130 368 496
R 1606 2072 2210 974
R 1389 3689 273 172
R 144 1347 3608 2700
R 1464 395 1304 188
B 1779 2841 1821 331
R 947 67 3043 782
B 1277 587 1224 2777
B 608 4029 2715 36
B 3775 1958 244 825
B 2260 1227 183 1218
R 950 827 385 2610
B 3890 1312 95 1036
R 928 1116 2195 2417
B 458 552 1545 233
R 2803 1747 972 626
R 3192 2838 429 830
R 2116 2623 641 1443
R 2991 1472 902 1093
B 3069 3978 97 108
B 1247 3481 2697 35
B 3205 2109 521 1530
B 3863 1458 92 788
R 469 648 1172 2877
B 575 2056 1674 867
R 328 1123 2164 2220
B 829 2814 1480 1164
B 3294 836 515 856
B 3386 2627 410 745
B 353 3076 2281 454
B 761 1283 169 2630
R 3982 1598 55 1159
B 1369 3638 1898 281
R 1985 909 1703 719
B 154 2312 511 342
B 2735 3803 1132 75
R 2510 3981 1110 13
R 531 1144 811 2680
R 3609 336 25 763
R 1343 3124 1508 938
B 2707 1759 585 420
R 240 3296 3373 531
R 1618 994 957 2969
R 3804 1794 237 1791
R 1436 2451 1833 59
B 3895 2733 31 370
B 1216 1185 2039 2568
R 2745 2741 103 77
R 986 378 2892 2042
B 203 2867 1648 1124
R 4021 677 32 2536
B 2383 2355 1107 144
B 988 245 836 2278
R 2474 1558 253 2385
B 2660 2661 850 129
R 3498 616 171 2518
R 2206 2472 1018 733
R 3884 2893 165 727
R 3152 1200 444 1887
R 1718 1351 1392 2687
B 2448 3961 733 20
B 1577 726 1933 445
B 183 3434 2917 361
B 1398 2069 2329 738
R 3474 3308 269 304
B 769 2620 97 275
R 2997 2803 888 746
R 2937 1491 552 46
B 765 1517 751 709
B 1026 3713 726 182
B 3101 1169 510 1763
R 2437 1787 90 1621
R 1653 2916 1013 1099
B 3281 3688 372 311
B 1581 3547 801 329
R 1807 3151 340 536
B 2685 852 680 2299
R 268 1585 2194 1408
B 2348 3654 163 199
B 593 875 74 462
B 176 1195 529 2122
B 1700 1300 1117 403
B 2581 3443 807 562
B 1470 3836 366 115
B 138 2425 2827 1408
R 2241 2529 573 1273
R 3659 1496 123 365
R 3967 3705 76 157
B 2653 1118 268 2817
R 3293 3329 392 509
R 1563 71 1181 2641
B 1856 2327 35 469
B 2377 151 1321 1187
B 1729 285 884 1526
B 1208 3849 2413 241
R 2298 82 1690 1473
R 1652 3843 1793 250
B 2936 1107 751 1979
B 1514 1947 720 911
R 567 784 3525 1786
B 1171 3254 1039 690
R 1225 1519 2248 34
B 514 2120 756 801
B 2824 1301 1100 1962
R 3040 2215 132 1244
B 582 1022 2217 2729
B 4030 3388 44 673
B 3531 2906 298 818
R 979 3944 2572 107
B 419 2469 2102 194
B 542 3116 1669 627
R 916 827 2831 2785
B 2549 1859 579 1655
B 2189 2820 472 532
R 3225 1795 33 2036
R 3082 1848 135 2000
B 107 233 3071 2626
B 4024 3251 10 446
R 2787 349 1192 2079
B 1221 1685 2075 656
R 2852 2807 642 832
B 2939 3028 194 367
B 241 3645 1966 237
R 797 1980 2234 1026
R 987 3175 134 4
R 2067 1599 1184 2478
R 3316 1157 471 493
B 1954 140 154 3914
B 278 1008 2958 706
R 1958 2400 1197 10
R 2798 749 1075 2324
B 3677 2593 381 1232
B 3416 1921 120 92
R 592 2090 2814 383
R 3113 215 894 839
R 477 3881 2986 22
B 2506 3631 273 79
R 1988 3205 90 2
B 322 1159 1740 1133
B 515 3444 443 159
B 2801 1780 41 2221
B 265 1927 1043 599
R 4093 773 0 2778
B 3628 4051 439 28
R 3976 3445 99 523
R 3846 2977 14 87
R 1031 1453 2210 370
B 3708 2624 202 1283
R 3803 2721 51 205
B 1442 1076 1919 1899
B 3144 1367 386 1243
B 3745 612 32 2568
R 293 1261 3749 1245
B 3106 1126 357 937
R 332 155 1216 3338
R 363 1659 2057 1343
R 1454 3091 2446 380
R 3044 719 251 1015
B 1605 1790 1938 1223
B 1548 2643 2548 915
R 133 561 3485 1093
B 1741 100 1293 2329
R 1593 1550 1489 1419
R 3765 2369 134 744
B 2871 110 151 1174
B 884 3434 293 158
R 190 945 682 2488
R 2921 274 8 169
B 3694 695 140 1016
R 3896 3586 169 28
B 3005 1419 901 1078
B 649 2911 2486 664
R 2037 129 1900 1652
B 1531 1246 245 497
B 393 786 1321 997
B 3449 3609 484 309
B 1159 1708 1854 1805
R 148 1649 283 1817
B 2841 757 353 1664
B 1008 3838 161 236
B 2198 3655 723 337
B 346 3813 2847 266
B 2993 3108 67 707
R 550 1250 1604 2091
R 1226 227 1640 2564
R 2383 2808 1455 889
R 1777 518 1136 723
R 1777 331 1826 63
B 3080 2721 54 1283
B 1763 2078 313 1278
B 447 4052 2039 14
B 1518 595 283 2947
B 3245 1522 674 1659
B 301 3675 1408 307
B 130 153 801 2121
B 2582 2575 108 1288
R 947 691 157 305
B 859 396 2935 2780
R 3133 641 931 2771
R 2400 1518 1091 1098
B 1656 2067 2378 152
R 884 139 2307 3900
R 2623 1829 829 1347
B 2479 388 156 244
R 3706 3547 21 16
B 3578 2650 450 639
R 3512 3694 457 92
B 2528 1094 779 1359
B 4051 3802 6 39
R 505 1446 736 883
R 1514 2631 1891 141
B 3977 8 79 2965
B 3535 130 129 422
B 3520 324 208 2298
R 840 188 1464 2342
R 3393 2299 440 568
R 2518 2 742 618
R 2637 2458 1278 1541
R 584 1753 1116 1737
R 4028 4021 20 60
B 768 2153 3083 918
R 140 3502 2817 536
R 1099 1486 1308 1365
R 866 2169 2217 659
B 1398 409 1964 1409
R 1874 688 223 2285
R 3593 743 154 146
B 940 1148 2409 1194
R 4091 1765 3 2253
B 2181 240 273 1342
R 764 1858 3139 1213
B 2607 3890 1028 113
R 594 370 2389 2962
R 1496 2488 1169 703
B 2582 1392 457 2520
R 2901 129 1061 1321
R 1459 488 1843 277
B 1256 221 672 416
B 620 3215 458 777
R 187 1043 3389 1071
R 275 3100 3186 926
R 1234 45 2533 298
B 2487 3485 552 450
B 466 412 2877 1589
R 848 1644 709 179
B 3044 1477 601 1894
B 2542 394 1259 841
R 3921 549 15 107
R 3401 458 3 3590
B 892 2938 322 594
B 220 2412 871 1244
B 1691 1461 1033 2283
R 1647 283 180 3356
R 2189 2899 1264 1158
B 2034 3629 747 450
R 2406 1008 129 858
B 2316 130 1365 1031
B 4081 395 0 2199
R 1732 394 958 103
B 656 606 1820 1608
R 571 58 1765 648
R 1132 2042 826 1146
B 2561 150 237 1597
R 1985 668 551 1722
B 2401 3869 390 78
R 370 2968 404 9
R 880 74 967 3444
B 2593 561 438 2735
B 4063 1417 9 278
R 748 2557 231 758
B 595 418 1338 1521
R 2134 150 250 2615
B 1220 1623 364 2297
R 3525 1727 39 1457
R 73 3684 673 121
B 4027 315 52 1396
B 2868 649 909 2346
B 3970 3446 66 568
R 2775 3947 786 124
B 3821 4087 213 3
R 1845 1808 1630 588
R 2683 1046 994 2800
B 374 2430 605 1597
R 2198 3870 1870 204
B 2969 2230 537 1850
B 3965 2644 72 1097
B 545 3268 1466 738
B 2107 2766 1727 29
B 2109 192 1463 2577
R 2801 3553 817 395
R 1739 4074 1743 15
B 1968 3076 1839 289
B 3041 2940 94 1133
R 1525 1941 2034 1929
B 1324 1910 2495 1790
R 2566 3669 1374 265
R 3574 3002 15 96
B 1404 2060 78 91
R 2211 2967 668 650
B 2392 1135 256 617
B 3558 341 288 553
B 3206 2305 790 1739
B 2241 308 1490 682
B 3719 729 55 2570
B 3898 1364 128 1865
R 2985 1102 348 573
B 2555 2587 1515 162
R 277 1366 1949 36
R 651 2013 3237 512
R 3778 2416 137 175
R 950 1829 779 1368
B 3628 1770 115 1537
R 1943 2569 1082 538
R 2574 2636 1456 734
R 2655 3693 379 70
B 1917 2004 1862 1457
R 537 685 1630 1099
B 379 148 1441 3221
R 1258 3759 1529 174
R 3629 2181 147 58
B 1458 2179 316 799
B 1639 2126 2152 55
R 232 2922 1019 849
B 148 2001 3063 1852
R 3176 2738 505 890
B 853 1766 1858 913
R 906 2488 1901 1224
B 2120 767 1847 2094
R 3629 7 345 530
B 27 1666 3049 165
B 2248 3284 1306 424
B 3621 280 452 535
R 3294 463 284 1459
B 118 3006 799 772
R 3663 3157 13 42
R 437 2574 2013 1181
R 132 535 3430 1358
R 107 787 3682 225
R 3886 573 72 2300
B 1099 1428 14 1651
R 2408 3000 1059 490
R 2886 3647 71 211
R 858 2461 383 328
B 3935 2934 15 773
B 261 3043 545 579
B 3015 3713 232 181
R 2570 1187 651 458
R 4089 2356 5 224
R 1519 768 597 2596
R 71 1475 1202 1720
R 1584 2653 611 671
B 3259 2548 627 297
B 3152 4058 156 5
B 300 2752 920 273
R 1191 2875 2277 682
R 2209 2188 1838 783
R 3544 3384 353 679
R 2570 4016 518 45
R 3138 1081 779 2017
R 1784 2400 2176 1174
B 182 1447 308 714
R 2477 1826 455 1619
R 185 410 1911 2267
R 727 2809 784 865
B 3686 779 256 406
B 3000 1070 495 2644
R 31 1659 398 1523
R 3449 2701 635 576
B 1673 1714 2409 2100
B 2957 3640 847 441
B 519 845 1253 743
B 1299 4070 107 11
B 2321 2789 1734 1300
B 3801 3396 269 39
B 2192 3534 775 284
B 3775 1694 19 162
R 2625 3614 1423 449
