391
R 1907 2146 1105 1712
B 794 3757 77 163
R 2419 360 1187 168
R 1148 2634 2589 829
B 2584 2641 1479 879
R 2149 3831 1172 96
R 691 2007 1099 73
B 1495 602 2426 939
B 3761 3111 56 303
R 2140 930 1136 624
B 3751 2548 296 302
R 3538 2268 384 891
B 539 1734 1054 526
R 1648 2594 1084 241
R 2099 531 1625 536
R 2054 1438 1561 0
R 3371 1359 172 2497
R 1485 237 618 279
B 55 117 3419 3065
R 893 69 1947 2723
R 1493 3717 1854 12
R 1601 775 504 2550
R 220 1179 3213 1969
R 1493 362 9 2853
R 1953 2068 68 1975
R 3577 3315 35 267
B 2181 1305 285 794
B 335 2721 1032 1192
R 452 1238 1792 1533
B 370 1073 2670 2415
R 1342 2245 2038 1129
B 3981 2402 35 939
R 2644 3820 697 159
R 2183 3940 1048 5
R 2512 3871 1316 6
R 148 2738 3871 92
B 176 753 57 1301
R 2119 1241 1319 1760
R 2703 1468 460 2150
B 3760 2161 128 1919
R 3144 2054 135 309
B 3281 373 442 2288
R 2586 399 922 2162
R 2734 85 1198 3971
R 2233 3475 360 530
R 1384 3509 1727 444
R 2680 2328 935 1031
R 1636 173 883 2788
B 3717 1264 332 1677
B 2349 2354 1477 1394
B 3857 1117 228 1248
R 3576 572 261 3431
R 2982 1631 979 1857
R 3132 3943 103 54
B 3216 2674 717 503
B 2763 2952 1175 908
R 635 3412 342 263
R 1155 646 480 2215
B 2857 3748 344 35
B 3601 2845 15 1163
B 4049 352 31 181
R 2768 3858 969 1
R 3398 3631 645 317
R 166 812 830 2238
B 2231 3594 230 305
R 265 1379 3740 2699
B 2534 1797 1062 965
R 3037 1270 991 293
B 3310 1400 304 2243
R 1285 3447 2586 495
R 1112 1491 2923 1464
R 1238 3707 657 375
B 74 719 472 1923
R 829 844 918 3088
R 244 3016 1555 729
B 2785 2135 288 15
R 3404 123 571 2901
B 645 2603 575 1036
B 2303 618 115 3411
R 3871 2783 94 619
R 2136 1299 1811 2654
B 1318 3956 1849 109
R 792 2100 571 1380
B 500 2314 3386 38
R 1599 3681 1884 316
B 252 911 2225 357
B 1780 1031 254 2474
R 2310 3177 58 190
R 528 1108 484 1552
R 1365 329 278 2771
B 1145 2791 2219 178
B 2251 533 1215 2235
R 973 2515 2360 703
R 929 2949 2203 504
B 2314 2268 1119 1064
B 403 812 2734 2243
R 2640 932 212 2740
R 2655 2302 1006 1392
B 2156 3779 1401 163
B 4046 3044 29 374
B 1012 969 843 2124
B 1736 877 1174 1914
B 3424 114 542 2079
B 2593 1497 1087 2217
R 2358 797 1396 2525
B 2334 1317 1699 1413
R 513 1018 596 242
R 3415 2728 506 11
R 1792 2709 1234 384
R 2348 1655 1480 189
R 1521 3933 1744 40
R 97 2527 3556 982
R 1488 3932 2396 100
B 951 2586 2623 418
B 2533 1018 1356 2215
R 1380 13 2047 4009
R 3886 3359 93 590
R 1204 3013 2757 484
B 526 3585 819 464
B 3861 2597 200 1491
R 3263 3548 474 133
B 789 2852 374 764
B 2247 3376 141 104
R 3721 3821 187 185
B 2042 3763 409 109
R 2579 1253 1367 1290
B 237 2967 1955 183
R 2046 2203 68 465
B 3270 2069 415 341
B 3084 2372 263 1098
B 3079 109 305 819
R 2159 3015 622 471
B 3004 188 1017 557
B 2602 2034 879 1730
R 204 3928 1709 45
B 2776 2368 744 1297
B 1054 2415 2809 324
B 752 2520 3092 176
R 793 36 2786 1161
B 57 2796 1746 874
R 3662 3739 268 200
R 2335 3944 1275 74
R 1119 4022 596 58
R 950 1616 875 427
B 2605 4038 961 35
R 1514 2972 1213 571
R 1459 3757 1211 178
B 1545 3646 501 244
B 2203 688 1873 613
B 864 3789 230 129
B 2872 1141 1068 103
R 1075 3936 1546 9
B 407 561 629 1755
B 324 3122 199 396
R 390 572 2894 2160
R 2822 2660 26 1261
R 2263 1341 153 568
R 3912 2554 5 410
R 1609 3390 1700 467
B 743 425 1146 1394
R 3405 173 532 3302
R 2670 4079 287 5
R 94 1558 101 29
R 3982 2883 84 319
R 2812 3462 114 513
R 646 205 1867 2902
R 2694 960 681 399
B 2738 3047 428 982
B 332 1904 913 910
R 1745 1053 1139 752
R 1068 2567 1552 1059
R 222 3489 221 503
B 3696 277 182 448
B 1396 1191 2332 1745
R 3222 1426 683 1337
B 2048 502 1207 3516
B 3778 3358 295 433
R 2207 1187 66 2308
B 86 3380 1129 372
B 2787 2648 1149 391
B 1002 1850 384 1765
B 1185 3061 993 1026
B 629 1396 2676 1761
R 3079 902 49 3126
B 2378 467 459 1588
B 2487 1078 343 1379
B 101 2471 1940 801
B 1880 2910 247 684
R 302 1595 709 1942
R 1605 1541 439 359
B 1840 471 1661 595
B 2620 2861 312 899
R 842 244 1659 2501
R 3566 2753 69 336
B 659 3058 2387 976
R 3088 2674 372 850
B 1650 2356 431 530
R 2681 4016 576 31
R 684 1467 1601 2549
B 3310 3036 511 354
R 159 1354 581 301
B 1249 3250 1355 345
B 1725 442 1273 832
B 3027 247 686 1831
R 3359 240 602 408
R 2358 1232 902 2611
R 2920 2944 669 404
B 3650 1983 424 1379
B 3922 3930 85 28
B 1243 890 2564 3136
B 37 2896 1727 436
R 1815 2793 619 557
B 3066 424 532 681
B 2904 1102 119 1345
B 1705 157 1796 2673
B 2884 3527 133 55
B 800 2582 1114 326
B 1986 578 1662 1165
B 1816 29 2211 3337
R 286 2242 2064 544
B 344 3264 3498 170
R 3273 898 514 3006
B 790 788 2766 2724
B 1620 3772 2027 308
R 3605 633 77 1087
R 646 2459 2351 652
R 1032 1885 2806 497
R 2423 1278 735 2696
B 1982 322 1609 3454
B 426 1101 290 2810
B 2411 2871 1683 672
B 1102 1703 1936 487
R 2389 3572 1075 4
B 2200 527 744 738
B 1973 74 217 3067
B 3846 3931 185 160
R 1273 3560 147 55
B 2039 570 767 3474
R 159 3913 2535 28
R 2679 17 1161 2760
R 1173 285 847 256
R 167 3477 2164 475
B 760 2052 2900 419
B 212 1042 559 1205
B 1217 1640 1459 721
B 3357 4038 85 38
R 1624 1854 2469 976
B 413 3762 2594 315
R 576 746 2255 746
B 181 994 2709 436
R 2772 1314 290 2030
B 3301 3882 309 145
B 3802 103 290 1042
B 2916 3572 881 147
R 1673 2033 91 1055
R 2821 900 1012 377
R 2028 1110 440 63
R 3620 3277 407 434
R 3060 2264 373 460
B 1196 3274 2021 16
B 1710 1761 686 727
B 2233 232 1121 904
R 1622 2264 1440 1289
R 2844 1727 991 866
B 4062 3384 16 60
R 1553 2473 2520 0
B 2692 407 108 1377
R 2924 3598 74 372
R 403 2993 261 695
R 2549 1311 1464 615
B 528 203 3337 1776
R 574 1573 1131 1305
B 1559 2669 1251 639
B 2697 1502 524 1059
B 3429 500 303 1480
R 3348 434 315 2072
B 1524 37 2488 3514
R 2117 1102 45 1976
B 3173 856 739 863
B 2403 2726 533 974
R 841 2309 1732 579
R 1501 2299 1613 782
R 383 3901 1134 12
R 257 2891 1055 531
B 2870 1481 1120 852
B 3941 1793 122 322
R 3259 1999 8 2093
R 2082 465 1639 202
R 1516 1787 129 799
R 146 627 2011 1071
R 1750 2025 2065 1074
B 870 643 1028 1884
B 2030 1496 1935 1936
R 3635 3528 234 532
R 3295 1980 119 1806
B 3041 1369 61 2174
B 1399 2311 197 225
B 2188 1734 970 57
B 3203 3630 567 180
B 2610 1294 1212 1660
R 2765 827 251 1854
R 3657 74 201 314
R 3012 1073 860 1049
B 1324 47 727 368
R 2407 2000 302 1253
B 3441 2982 251 125
R 2215 2056 477 497
B 1470 392 301 1590
B 1315 2191 2482 142
R 21 1360 1737 266
B 2831 3856 729 224
B 4051 578 12 1250
R 3716 1843 81 1016
B 943 2481 3025 1005
R 605 3929 2998 123
R 776 2994 399 637
B 829 2052 3085 1863
B 3444 1513 420 1864
R 2820 659 970 20
B 2820 1075 303 301
R 3336 1024 82 1334
R 14 145 1344 359
R 3284 2958 642 208
R 395 1268 2047 1189
B 854 1914 1557 725
R 3233 3119 255 921
R 1167 2575 1913 517
R 3277 1668 124 1936
R 3094 2682 28 45
B 461 1754 2461 288
R 982 331 2614 2782
B 2306 3326 1061 134
R 3945 586 77 694
R 739 2405 2051 43
R 2025 36 521 2484
B 1106 3258 2954 810
B 1669 2644 1558 516
R 2784 3027 119 1067
B 1033 3354 550 488
B 2025 104 792 2556
B 1678 699 57 720
B 2564 619 1222 2785
R 1214 2143 1367 880
R 2213 4084 331 8
R 1147 1150 2841 657
B 2490 3337 1116 32
R 1185 2326 1868 630
R 2215 426 613 2691
R 3771 3383 225 592
B 1047 1599 651 194
R 1702 1213 1489 1183
B 3530 3071 320 581
R 91 4 2668 3984
R 2889 958 985 1913
B 1721 3903 1318 17
B 3937 661 146 3189
R 2687 2781 1262 89
R 96 3994 868 62
B 248 583 437 642
R 2421 3794 1227 141
B 4016 192 26 894
R 942 223 1522 3066
R 2144 1132 279 349
R 3170 2674 560 770
R 1497 2346 1788 386
B 2782 1833 739 1686
B 2259 3331 1223 39
B 2650 1140 1388 413
B 4077 177 19 2715
R 4057 1178 34 1834
R 3087 1637 659 1730
B 1425 1089 1021 2630
R 1128 292 1017 2505
R 1704 3625 2331 16
R 366 2928 3411 984
R 3907 2452 159 636
B 1367 1946 2348 1978
B 1540 701 522 1795
B 3886 3409 144 284
R 1753 621 565 490
B 3139 3112 167 77
R 2983 3318 32 768
R 881 2564 2304 33
B 3656 3058 2 167
B 3623 3605 131 231
R 2513 1564 708 522
B 3757 2712 180 411
R 179 2057 2307 1035
B 2422 3369 1385 695
B 2129 967 972 2539
R 3941 2923 122 274
