85
R 1951 2099 1245 1093
R 2396 3772 1666 56
B 730 527 3207 3155
B 652 2568 1223 1172
B 3902 2722 99 433
B 3331 4061 501 6
R 647 3278 2424 126
B 3673 3423 229 517
B 294 1284 1732 102
R 3680 3657 198 353
R 1830 1293 36 2622
B 2837 339 148 3615
R 122 3129 1017 896
R 344 885 3397 1485
B 67 492 2602 3229
B 1603 3927 1709 27
R 1090 1491 1290 761
R 3703 1510 44 208
B 291 3730 2140 70
B 3786 1193 245 1363
B 2445 419 655 1627
R 3945 4087 124 0
R 323 2466 525 1412
B 1815 3709 642 288
R 1245 2809 1548 1011
B 3835 1614 232 739
B 2431 2644 728 1172
R 1907 1774 1879 537
R 3347 11 680 4070
B 3583 1532 479 1517
R 2888 3625 733 409
R 2522 2533 836 119
B 1944 2545 1740 1423
R 986 12 1876 3176
B 3812 114 214 1046
R 1633 3481 699 538
B 1430 3221 756 32
B 789 231 1161 389
B 813 1284 1689 697
B 3742 529 173 76
R 2341 593 1263 1041
R 1207 364 354 1505
R 2755 3029 314 909
B 1111 1265 882 690
R 2089 1620 433 1715
R 3022 1390 1037 2230
R 1593 1758 1284 1027
B 3418 444 469 1095
B 412 793 3507 503
B 1951 3821 1650 39
R 3508 3482 366 511
R 3514 1614 200 326
B 518 1441 1408 2505
B 3892 2339 102 386
R 574 1010 2527 2646
R 2792 2919 980 1155
R 2655 1895 636 203
B 1444 2409 632 37
R 1349 2331 752 1727
B 2362 746 475 3130
B 2743 2034 1336 774
R 1661 2978 1613 98
R 390 2928 770 1156
B 3198 2204 840 1545
R 3307 2941 486 379
R 2521 714 745 2517
R 946 2484 2704 1592
B 1078 438 2231 3462
B 838 1242 868 2278
B 3555 1419 127 579
R 428 1211 3024 1050
R 2816 1352 718 2319
R 399 2411 3225 391
R 845 3493 1945 321
R 3813 1603 75 1139
B 2672 528 84 2339
R 3500 1669 229 949
B 3280 550 178 2866
R 3637 1394 75 2495
R 3794 3008 245 359
R 3058 1414 689 942
R 686 2167 2656 1031
R 1084 1624 2859 209
B 2851 3056 459 991
R 1057 2949 1530 996
